2017-12-21 21:06:10,0.01,0,0,0,0,0,0,0
2017-12-21 21:06:11,0.01,0,0,0,0,0,0,0
2017-12-21 21:06:12,0.01,0,0,0,0,0,0,0
2017-12-21 21:06:13,0.01,0,0,0,0,0,0,0
2017-12-21 21:06:15,0.01,0,0,0,0,0,0,0
2017-12-21 21:06:16,0.58,0,0,0,0,0,0,0
2017-12-21 21:06:17,0.58,0.46,0,0,0,0,0,0
2017-12-21 21:06:18,0.5,0.35,0,0,0,0,0,0
2017-12-21 21:06:19,0.5,0.35,0,0,0,0,0,0
2017-12-21 21:06:20,0.5,0.35,0,0,0,0,0,0
2017-12-21 21:06:22,0.5,0.29,0,0,0,0,0,0
2017-12-21 21:06:26,0.47,0.29,0,0,0,0,0,0
2017-12-21 21:06:28,0.5,0.29,0,0,0,0,0,0
2017-12-21 21:06:30,0.47,0.29,0,0,0,0,0,0
2017-12-21 21:06:31,0.5,0.29,0,0,0,0,0,0
2017-12-21 21:06:32,0.47,0.29,0,0,0,0,0,0
2017-12-21 21:06:32,0.47,0.29,0,0,0,0,0,0
2017-12-21 21:06:33,0.47,0.29,0,0,0,0,0,0
2017-12-21 21:06:34,0.47,0.29,0,0,0,0,0,0
2017-12-21 21:06:35,0.47,0.29,0,0,0,0,0,0
2017-12-21 21:06:36,0.47,0.29,0,0,0,0,0,0
2017-12-21 21:06:37,0.47,0.29,0,0,0,0,0,0
2017-12-21 21:06:38,0.47,0.35,0,0,0,0,0,0
2017-12-21 21:06:39,0.77,0.35,0,0,0,0,0,0
2017-12-21 21:06:39,0.77,0.63,0,0,0,0,0,0
2017-12-21 21:06:40,0.77,0.63,0,0,0,0,0,0
2017-12-21 21:06:41,0.77,0.57,0,0,0,0,0,0
2017-12-21 21:06:42,0.77,0.57,0,0,0,0,0,0
2017-12-21 21:06:43,0.77,0.57,0,0,0,0,0,0
2017-12-21 21:06:44,0.77,0.57,0,0,0,0,0,0
2017-12-21 21:06:45,0.77,0.57,0,0,0,0,0,0
2017-12-21 21:06:46,0.74,0.57,0,0,0,0,0,0
2017-12-21 21:06:47,0.74,0.57,0,0,0,0,0,0
2017-12-21 21:06:48,0.77,0.57,0,0,0,0,0,0
2017-12-21 21:06:49,0.77,0.57,0,0,0,0,0,0
2017-12-21 21:06:49,0.77,0.57,0,0,0,0,0,0
2017-12-21 21:06:50,0.77,0.57,0,0,0,0,0,0
2017-12-21 21:06:51,0.77,0.57,0,0,0,0,0,0
2017-12-21 21:06:52,0.77,0.57,0,0,0,0,0,0
2017-12-21 21:06:53,0.77,0.57,0,0,0,0,0,0
2017-12-21 21:06:54,0.77,0.57,0,0,0,0,0,0
2017-12-21 21:06:55,0.74,0.57,0,0,0,0,0,0
2017-12-21 21:06:56,0.74,0.57,0,0,0,0,0,0
2017-12-21 21:06:57,0.77,0.57,0,0,0,0,0,0
2017-12-21 21:06:58,0.77,0.57,0,0,0,0,0,0
2017-12-21 21:06:59,0.74,0.57,0,0,0,0,0,0
2017-12-21 21:07:00,0.74,0.57,0,0,0,0,0,0
2017-12-21 21:07:01,0.8,0.57,0,0,0,0,0,0
2017-12-21 21:07:02,0.8,0.57,0,0,0,0,0,0
2017-12-21 21:07:03,0.77,0.57,0,0,0,0,0,0
2017-12-21 21:07:04,0.77,0.57,0,0,0,0,0,0
2017-12-21 21:07:05,0.77,0.57,0,0,0,0,0,0
2017-12-21 21:07:06,0.74,0.57,0,0,0,0,0,0
2017-12-21 21:07:07,0.74,0.57,0,0,0,0,0,0
2017-12-21 21:07:08,0.74,0.57,0,0,0,0,0,0
2017-12-21 21:07:09,0.74,0.57,0,0,0,0,0,0
2017-12-21 21:07:10,0.77,0.57,0,0,0,0,0,0
2017-12-21 21:07:12,0.74,0.57,0,0,0,0,0,0
2017-12-21 21:07:13,0.77,0.57,0,0,0,0,0,0
2017-12-21 21:07:13,0.77,0.57,0,0,0,0,0,0
2017-12-21 21:07:13,0.77,0.57,0,0,0,0,0,0
2017-12-21 21:07:14,0.77,0.57,0,0,0,0,0,0
2017-12-21 21:07:15,0.74,0.57,0,0,0,0,0,0
2017-12-21 21:07:16,0.74,0.57,0,0,0,0,0,0
2017-12-21 21:07:16,0.74,0.57,0,0,0,0,0,0
2017-12-21 21:07:17,0.74,0.57,0,0,0,0,0,0
2017-12-21 21:07:18,0.77,0.57,0,0,0,0,0,0
2017-12-21 21:07:19,0.77,0.57,0,0,0,0,0,0
2017-12-21 21:07:20,0.8,0.57,0,0,0,0,0,0
2017-12-21 21:07:21,0.8,0.57,0,0,0,0,0,0
2017-12-21 21:07:22,0.74,0.57,0,0,0,0,0,0
2017-12-21 21:07:23,0.74,0.57,0,0,0.03,0,0,0
2017-12-21 21:07:23,0.74,0.57,0,0,0.03,0,0,0
2017-12-21 21:07:24,0.74,0.57,0,0,0.03,0,0,0
2017-12-21 21:07:25,0.85,0.57,0,0,0,0,0,0
2017-12-21 21:07:26,0.85,0.57,0,0,0,0,0,0
2017-12-21 21:07:26,0.85,0.57,0,0,0,0,0,0
2017-12-21 21:07:27,0.8,0.57,0,0,0,0,0,0
2017-12-21 21:07:28,0.8,0.57,0,0,0,0,0,0
2017-12-21 21:07:29,0.8,0.57,0,0,0,0,0,0
2017-12-21 21:07:30,0.8,0.57,0,0,0,0,0,0
2017-12-21 21:07:31,0.77,0.57,0,0,0,0,0,0
2017-12-21 21:07:32,0.77,0.57,0,0,0,0,0,0
2017-12-21 21:07:33,0.77,0.57,0,0,0,0,0,0
2017-12-21 21:07:34,0.8,0.57,0,0,0,0,0,0
2017-12-21 21:07:35,0.8,0.57,0,0,0,0,0,0
2017-12-21 21:07:36,0.77,0.57,0,0.46,0,0,0,0
2017-12-21 21:07:37,0.77,0.57,0,0,0,0,0,0
2017-12-21 21:07:38,0.77,0.57,0,0,0,0,0,0
2017-12-21 21:07:39,0.77,0.57,0,0,0,0,0,0
2017-12-21 21:07:40,0.8,0.57,0,0,0,0,0,0
2017-12-21 21:07:42,0.77,0.57,0,0,0,0,0,0
2017-12-21 21:07:42,0.77,0.57,0,0,0,0,0,0
2017-12-21 21:07:43,0.77,0.57,0,0,0,0,0,0
2017-12-21 21:07:44,0.77,0.57,0,0,0,0,0,0
2017-12-21 21:07:45,0.77,0.57,0,0,0,0,0,0
2017-12-21 21:07:46,0.77,0.57,0,0,0,0,0,0
2017-12-21 21:07:46,0.77,0.57,0,0,0,0,0,0
2017-12-21 21:07:46,0.77,0.57,0,0,0,0,0,0
2017-12-21 21:07:47,0.74,0.57,0,0,0,0,0,0
2017-12-21 21:07:48,0.74,0.57,0,0,0,0,0,0
2017-12-21 21:07:49,0.74,0.57,0,0,0,0,0,0
2017-12-21 21:07:50,0.8,0.57,0,0,0,0,0,0
2017-12-21 21:07:51,0.8,0.57,0,0,0,0,0,0
2017-12-21 21:07:52,0.8,0.57,0,0,0,0,0,0
2017-12-21 21:07:53,0.8,0.57,0,0,0,0,0,0
2017-12-21 21:07:54,0.74,0.57,0,0,0,0,0,0
2017-12-21 21:07:55,0.8,0.57,0,0,0,0,0,0
2017-12-21 21:07:56,0.8,0.57,0,0,0,0,0,0
2017-12-21 21:07:57,0.8,0.57,0,0,0,0,0,0
2017-12-21 21:07:58,0.74,0.57,0,0,0,0,0,0
2017-12-21 21:07:59,0.74,0.57,0,0,0,0,0,0
2017-12-21 21:08:00,0.74,0.57,0,0,0,0,0,0
2017-12-21 21:08:01,0.74,0.57,0,0,0,0,0,0
2017-12-21 21:08:02,0.74,0.57,0,0,0,0,0,0
2017-12-21 21:08:03,0.77,0.57,0,0,0,0,0,0
2017-12-21 21:08:04,0.77,0.57,0,0,0,0,0,0
2017-12-21 21:08:05,0.8,0.57,0,0,0,0,0,0
2017-12-21 21:08:06,0.8,0.57,0,0,0,0,0,0
2017-12-21 21:08:07,0.77,0.57,0,0,0,0,0,0
2017-12-21 21:08:08,0.77,0.57,0,0,0,0,0,0
2017-12-21 21:08:09,0.77,0.57,0,0,0,0,0,0
2017-12-21 21:08:10,0.8,0.57,0,0,0.19,0.02,0,0.01
2017-12-21 21:08:11,0.8,0.57,0,0,0.19,0.02,0,0.01
2017-12-21 21:08:12,0.8,0.57,0,0,0,0,0,0
2017-12-21 21:08:13,0.8,0.57,0,0,0,0,0,0
2017-12-21 21:08:15,0.74,0.57,0,0,0,0,0,0
2017-12-21 21:08:16,0.77,0.57,0,0,0,0,0,0
2017-12-21 21:08:17,0.77,0.57,0,0,0,0,0,0
2017-12-21 21:08:18,0.77,0.57,0,0,0,0,0,0
2017-12-21 21:08:19,0.77,0.57,0,0,0,0,0,0
2017-12-21 21:08:20,0.77,0.57,0,0,0,0,0,0
2017-12-21 21:08:22,0.8,0.57,0,0,0,0,0,0
2017-12-21 21:08:22,0.8,0.57,0,0,0,0,0,0
2017-12-21 21:08:23,0.74,0.57,0,0,0,0,0,0
2017-12-21 21:08:24,0.74,0.57,0,0,0,0,0,0
2017-12-21 21:08:25,0.74,0.57,0,0,0,0,0,0
2017-12-21 21:08:26,0.8,0.57,0,0,0,0,0,0
2017-12-21 21:08:26,0.8,0.57,0,0,0,0,0,0
2017-12-21 21:08:27,0.8,0.57,0,0,0,0,0,0
2017-12-21 21:08:29,0.8,0.57,0,0,0,0,0,0
2017-12-21 21:08:30,0.74,0.57,0,0,0,0,0,0
2017-12-21 21:08:31,0.74,0.57,0,0,0,0,0,0
2017-12-21 21:08:33,0.8,0.57,0,0,0,0,0,0
2017-12-21 21:08:34,0.8,0.57,0,0,0,0,0,0
2017-12-21 21:08:35,0.8,0.57,0,0,0,0,0,0
2017-12-21 21:08:36,0.8,0.57,0,0,0,0,0,0
2017-12-21 21:08:37,0.74,0.57,0,0,0,0,0,0
2017-12-21 21:08:38,0.74,0.57,0,0,0,0,0,0
2017-12-21 21:08:39,0.74,0.57,0,0,0,0,0,0
2017-12-21 21:08:40,0.74,0.57,0,0,0,0,0,0
2017-12-21 21:08:42,0.8,0.57,0,0,0,0,0,0
2017-12-21 21:08:43,0.8,0.57,0,0,0,0,0,0
2017-12-21 21:08:44,0.8,0.57,0,0,0,0,0,0
2017-12-21 21:08:45,0.77,0.57,0,0,0,0,0,0
2017-12-21 21:08:46,0.8,0.57,0,0,0,0,0,0
2017-12-21 21:08:47,0.8,0.57,0,0,0,0,0,0
2017-12-21 21:08:48,0.8,0.57,0,0,0,0,0,0
2017-12-21 21:08:49,0.8,0.57,0,0,0,0,0,0
2017-12-21 21:08:50,0.74,0.57,0,0,0,0,0,0
2017-12-21 21:08:51,0.74,0.57,0,0,0,0,0,0
2017-12-21 21:08:52,0.77,0.57,0,0,0,0,0,0
2017-12-21 21:08:53,0.74,0.57,0,0,0,0,0,0
2017-12-21 21:08:54,0.74,0.57,0,0,0,0,0,0
2017-12-21 21:08:56,0.74,0.57,0,0,0,0,0,0
2017-12-21 21:08:57,0.77,0.57,0,0,0,0,0,0
2017-12-21 21:08:58,0.77,0.57,0,0,0,0,0,0
2017-12-21 21:08:58,0.8,0.57,0,0,0,0,0,0
2017-12-21 21:08:59,0.8,0.57,0,0,0,0,0,0
2017-12-21 21:09:00,0.8,0.57,0,0,0,0,0,0
2017-12-21 21:09:01,0.77,0.57,0,0,0,0,0,0
2017-12-21 21:09:02,0.8,0.57,0,0,0,0,0,0
2017-12-21 21:09:03,0.8,0.57,0,0,0,0,0,0
2017-12-21 21:09:04,0.74,0.57,0,0,0,0,0,0
2017-12-21 21:09:05,0.74,0.57,0,0,0,0,0,0
2017-12-21 21:09:06,0.77,0.57,0,0,0,0,0,0
2017-12-21 21:09:06,0.77,0.57,0,0,0,0,0,0
2017-12-21 21:09:07,0.77,0.57,0,0,0,0,0,0
2017-12-21 21:09:08,0.77,0.57,0,0,0,0,0,0
2017-12-21 21:09:09,0.77,0.57,0,0,0,0,0,0
2017-12-21 21:09:10,0.77,0.57,0,0,0,0,0,0
2017-12-21 21:09:11,0.74,0.57,0,0,0,0,0,0
2017-12-21 21:09:12,0.74,0.57,0,0,0,0,0,0
2017-12-21 21:09:13,0.77,0.57,0,0,0,0,0,0
2017-12-21 21:09:14,0.77,0.57,0,0,0,0,0,0
2017-12-21 21:09:15,0.77,0.57,0,0,0,0,0,0
2017-12-21 21:09:16,0.77,0.57,0,0,0,0,0,0
2017-12-21 21:09:16,0.77,0.57,0,0,0,0,0,0
2017-12-21 21:09:17,0.77,0.57,0,0,0,0,0,0
2017-12-21 21:09:18,0.74,0.57,0,0,0,0,0,0
2017-12-21 21:09:19,0.74,0.57,0,0,0,0,0,0
2017-12-21 21:09:20,0.8,0.57,0,0,0,0,0,0
2017-12-21 21:09:21,0.8,0.57,0,0,0,0,0,0
2017-12-21 21:09:22,0.8,0.57,0,0,0,0,0,0
2017-12-21 21:09:23,0.8,0.57,0,0,0,0,0,0
2017-12-21 21:09:24,0.8,0.57,0,0,0,0,0,0
2017-12-21 21:09:25,0.77,0.57,0,0,0,0,0,0
2017-12-21 21:09:26,0.77,0.57,0,0,0,0,0,0
2017-12-21 21:09:27,0.8,0.57,0,0,0,0,0,0
2017-12-21 21:09:28,0.8,0.57,0,0,0,0,0,0
2017-12-21 21:09:29,0.74,0.57,0,0,0,0,0,0
2017-12-21 21:09:30,0.74,0.57,0,0,0,0,0,0
2017-12-21 21:09:31,0.74,0.57,0,0,0,0,0,0
2017-12-21 21:09:32,0.74,0.57,0,0,0,0,0,0
2017-12-21 21:09:33,0.77,0.57,0,0,0,0,0,0
2017-12-21 21:09:34,0.77,0.57,0,0,0,0,0,0
2017-12-21 21:09:35,0.77,0.57,0,0,0,0,0,0
2017-12-21 21:09:36,0.8,0.57,0,0,0,0,0,0
2017-12-21 21:09:37,0.8,0.57,0,0,0,0,0,0
2017-12-21 21:09:39,0.77,0.57,0,0,0,0,0,0
2017-12-21 21:09:40,0.77,0.57,0,0,0.03,0,0,0
2017-12-21 21:09:41,0.77,0.57,0,0,0,0,0,0
2017-12-21 21:09:42,0.8,0.57,0,0,0,0,0,0
2017-12-21 21:09:43,0.8,0.57,0,0,0,0,0,0
2017-12-21 21:09:45,0.74,0.57,0,0,0,0,0,0
2017-12-21 21:09:46,0.77,0.57,0,0,0,0,0,0
2017-12-21 21:09:46,0.77,0.57,0,0,0,0,0,0
2017-12-21 21:09:47,0.77,0.57,0,0,0,0,0,0
2017-12-21 21:09:48,0.8,0.57,0,0,0,0,0,0
2017-12-21 21:09:49,0.8,0.57,0,0,0,0,0,0
2017-12-21 21:09:50,0.8,0.57,0,0,0,0,0,0
2017-12-21 21:09:51,0.8,0.57,0,0,0,0,0,0
2017-12-21 21:09:52,0.8,0.57,0,0,0,0,0,0
2017-12-21 21:09:53,0.77,0.57,0,0,0,0,0,0
2017-12-21 21:09:54,0.77,0.57,0,0,0,0,0,0
2017-12-21 21:09:55,0.77,0.57,0.01,0,0,0,0,0
2017-12-21 21:09:56,0.8,0.57,0,0,0,0,0,0
2017-12-21 21:09:56,0.8,0.57,0,0,0,0,0,0
2017-12-21 21:09:57,0.8,0.57,0,0,0,0,0,0
2017-12-21 21:09:58,0.77,0.57,0,0,0,0,0,0
2017-12-21 21:09:59,0.77,0.57,0,0,0,0,0,0
2017-12-21 21:10:00,0.77,0.57,0,0,0,0,0,0
2017-12-21 21:10:01,0.77,0.57,0,0,0,0,0,0
2017-12-21 21:10:02,0.74,0.57,0,0,0,0,0,0
2017-12-21 21:10:03,0.52,0.35,0,0,0,0,0,0
2017-12-21 21:10:04,0.52,0.35,0,0,0,0,0,0
2017-12-21 21:10:05,0.5,0.29,0,0,0,0,0,0
2017-12-21 21:10:06,0.5,0.29,0,0,0,0,0,0
2017-12-21 21:10:07,0.5,0.29,0,0,0,0,0,0
2017-12-21 21:10:08,0.5,0.29,0,0,0,0,0,0
2017-12-21 21:10:09,0.52,0.29,0,0,0,0,0,0
2017-12-21 21:10:10,0.52,0.29,0,0,0,0,0,0
2017-12-21 21:10:11,0.52,0.29,0,0,0,0,0,0
2017-12-21 21:10:12,0.5,0.29,0,0,0,0,0,0
2017-12-21 21:10:13,0.5,0.29,0,0,0,0,0,0
2017-12-21 21:10:14,0.5,0.35,0,0,0,0,0,0
2017-12-21 21:10:15,0.5,0.35,0,0,0,0,0,0
2017-12-21 21:10:16,0.52,0.29,0,0,0,0,0,0
2017-12-21 21:10:18,0.5,0.35,0,0,0,0,0,0
2017-12-21 21:10:19,0.52,0.29,0,0,0,0,0,0
2017-12-21 21:10:20,0.52,0.29,0,0,0,0,0,0
2017-12-21 21:10:21,0.52,0.29,0,0,0,0,0,0
2017-12-21 21:10:22,0.52,0.29,0,0,0,0,0,0
2017-12-21 21:10:23,0.52,0.29,0,0,0,0,0,0
2017-12-21 21:10:24,0.5,0.29,0,0,0,0,0,0
2017-12-21 21:10:25,0.5,0.29,0,0,0,0,0,0
2017-12-21 21:10:25,0.5,0.29,0,0,0,0,0,0
2017-12-21 21:10:25,0.01,0.29,0,0,0,0,0,0
2017-12-21 21:10:25,0.01,0,0,0,0,0,0,0
